           1   145.641578668097     
           2   120.043741354479     
           3   102.990557091690     
           4   90.8838564433768     
           5   81.8254610458947     
           6   74.7561650844165     
           7   69.0516863224535     
           8   64.3247580733905     
           9   60.3237534030513     
          10   56.8783498121946     
          11   53.8690831373609     
          12   51.2095491491483     
          13   48.8355803940739     
          14   46.6984232750916     
          15   44.7602948671928     
          16   42.9914041054476     
          17   41.3679022813241     
          18   39.8704399748591     
          19   38.4831298112348     
          20   37.1927870210616     
          21   35.9883640973207     
          22   34.8605235937069     
          23   33.8013109008904     
          24   32.8039004909277     
          25   31.8623969047637     
          26   30.9716770525228     
          27   30.1272640576092     
          28   29.3252254463497     
          29   28.5620903154473     
          30   27.8347814300842     
          31   27.1405591697659     
          32   26.4769749510239     
          33   25.8418322873984     
          34   25.2331540474600     
          35   24.6491547760526     
          36   24.0882171773992     
          37   23.5488720392104     
          38   23.0297810175167     
          39   22.5297218122396     
          40   22.0475753506092     
          41   21.5823146647607     
          42   21.1329952051866     
          43   20.6987463762267     
          44   20.2787641157633     
          45   19.8723043705362     
          46   19.4786773423853     
          47   19.0972424003365     
          48   18.7274035696219     
          49   18.3686055221199     
          50   18.0203300038440     
          51   17.6820926444210     
          52   17.3534401013058     
          53   17.0339474980564     
          54   16.7232161215469     
          55   16.4208713477087     
          56   16.1265607694012     
          57   15.8399525034343     
          58   15.5607336566980     
          59   15.2886089338723     
          60   15.0232993713586     
          61   14.7645411839463     
          62   14.5120847123514     
          63   14.2656934611683     
          64   14.0251432180012     
          65   13.7902212456088     
          66   13.5607255398241     
          67   13.3364641468301     
          68   13.1172545340833     
          69   12.9029230098049     
          70   12.6933041865128     
          71   12.4882404845489     
          72   12.2875816719905     
          73   12.0911844377061     
          74   11.8989119946581     
          75   11.7106337108438     
          76   11.5262247655347     
          77   11.3455658287033     
          78   11.1685427617378     
          79   10.9950463377260     
          80   10.8249719797554     
          81   10.6582195158258     
          82   10.4946929490968     
          83   10.3343002423138     
          84   10.1769531153591     
          85   10.0225668549697     
          86   9.87106013574529     
          87   9.72235485165062     
          88   9.57637595727801     
          89   9.43305131820323     
          90   9.29231156981934     
          91   9.15408998408533     
          92   9.01832234366965     
          93   8.88494682301168     
          94   8.75390387585986     
          95   8.62513612887903     
          96   8.49858828095084     
          97   8.37420700781815     
          98   8.25194087175027     
          99   8.13174023592847     
         100   8.01355718327332     
         101   7.89734543945364     
         102   7.78306029983530     
         103   7.67065856014485     
         104   7.56009845063645     
         105   7.45133957356610     
         106   7.34434284378870     
         107   7.23907043230569     
         108   7.13548571260140     
         109   7.03355320961757     
         110   6.93323855122257     
         111   6.83450842204261     
         112   6.73733051952908     
         113   6.64167351214387     
         114   6.54750699955135     
         115   6.45480147471232     
         116   6.36352828778138     
         117   6.27365961171404     
         118   6.18516840949627     
         119   6.09802840291301     
         120   6.01221404277785     
         121   5.92770048054907     
         122   5.84446354126263     
         123   5.76247969771567     
         124   5.68172604583795     
         125   5.60218028119162     
         126   5.52382067654373     
         127   5.44662606045779     
         128   5.37057579685423     
         129   5.29564976549224     
         130   5.22182834332711     
         131   5.14909238670107     
         132   5.07742321432614     
         133   5.00680259102081     
         134   4.93721271216383     
         135   4.86863618883049     
         136   4.80105603357831     
         137   4.73445564685072     
         138   4.66881880396936     
         139   4.60412964268631     
         140   4.54037265127011     
         141   4.47753265709927     
         142   4.41559481573981     
         143   4.35454460048381     
         144   4.29436779232626     
         145   4.23505047036071     
         146   4.17657900257329     
         147   4.11894003701630     
         148   4.06212049334413     
         149   4.00610755469351     
         150   3.95088865989365     
         151   3.89645149598896     
         152   3.84278399106157     
         153   3.78987430733856     
         154   3.73771083457166     
         155   3.68628218367587     
         156   3.63557718061624     
         157   3.58558486053047     
         158   3.53629446207720     
         159   3.48769542199947     
         160   3.43977736989333     
         161   3.39253012317316     
         162   3.34594368222360     
         163   3.30000822573101     
         164   3.25471410618528     
         165   3.21005184554517     
         166   3.16601213105961     
         167   3.12258581123791     
         168   3.07976389196288     
         169   3.03753753273933     
         170   2.99589804307405     
         171   2.95483687897922     
         172   2.91434563959573     
         173   2.87441606393029     
         174   2.83504002770155     
         175   2.79620954029085     
         176   2.75791674179282     
         177   2.72015390016186     
         178   2.68291340845011     
         179   2.64618778213342     
         180   2.60996965652154     
         181   2.57425178424886     
         182   2.53902703284244     
         183   2.50428838236443     
         184   2.47002892312527     
         185   2.43624185346561     
         186   2.40292047760310     
         187   2.37005820354257     
         188   2.33764854104621     
         189   2.30568509966189     
         190   2.27416158680693     
         191   2.24307180590576     
         192   2.21240965457825     
         193   2.18216912287867     
         194   2.15234429158056     
         195   2.12292933050899     
         196   2.09391849691574     
         197   2.06530613389703     
         198   2.03708666885243     
         199   2.00925461198257     
         200   1.98180455482504     
         201   1.95473116882647     
         202   1.92802920395015     
         203   1.90169348731701     
         204   1.87571892188004     
         205   1.85010048512957     
         206   1.82483322782934     
         207   1.79991227278225     
         208   1.77533281362406     
         209   1.75109011364466     
         210   1.72717950463625     
         211   1.70359638576671     
         212   1.68033622247827     
         213   1.65739454540960     
         214   1.63476694934184     
         215   1.61244909216665     
         216   1.59043669387613     
         217   1.56872553557433     
         218   1.54731145850843     
         219   1.52619036312037     
         220   1.50535820811780     
         221   1.48481100956319     
         222   1.46454483998146     
         223   1.44455582748523     
         224   1.42484015491688     
         225   1.40539405900769     
         226   1.38621382955240     
         227   1.36729580860032     
         228   1.34863638966082     
         229   1.33023201692455     
         230   1.31207918449830     
         231   1.29417443565441     
         232   1.27651436209370     
         233   1.25909560322178     
         234   1.24191484543815     
         235   1.22496882143846     
         236   1.20825430952834     
         237   1.19176813294997     
         238   1.17550715922004     
         239   1.15946829947925     
         240   1.14364850785273     
         241   1.12804478082182     
         242   1.11265415660629     
         243   1.09747371455664     
         244   1.08250057455727     
         245   1.06773189643879     
         246   1.05316487940067     
         247   1.03879676144313     
         248   1.02462481880809     
         249   1.01064636542971     
         250  0.996858752393353     
         251  0.983259367403623     
         252  0.969845634260392     
         253  0.956615012343761     
         254  0.943564996106911     
         255  0.930693114576737     
         256  0.917996930862812     
         257  0.905474041673468     
         258  0.893122076839846     
         259  0.880938698847128     
         260  0.868921602372858     
         261  0.857068513832848     
         262  0.845377190933417     
         263  0.833845422230704     
         264  0.822471026696991     
         265  0.811251853293139     
         266  0.800185780547581     
         267  0.789270716141919     
         268  0.778504596502339     
         269  0.767885386397374     
         270  0.757411078541681     
         271  0.747079693205508     
         272  0.736889277830032     
         273  0.726837906648673     
         274  0.716923680313362     
         275  0.707144725526849     
         276  0.697499194680176     
         277  0.687985265495491     
         278  0.678601140673985     
         279  0.669345047549067     
         280  0.660215237744610     
         281  0.651209986837943     
         282  0.642327594027827     
         283  0.633566381807429     
         284  0.624924695641483     
         285  0.616400903648840     
         286  0.607993396288754     
         287  0.599700586052209     
         288  0.591520907157707     
         289  0.583452815250852     
         290  0.575494787108716     
         291  0.567645320348386     
         292  0.559902933139336     
         293  0.552266163920152     
         294  0.544733571119117     
         295  0.537303732878989     
         296  0.529975246785336     
         297  0.522746729598980     
         298  0.515616816991836     
         299  0.508584163287271     
         300  0.501647441203018     
         301  0.494805341598557     
         302  0.488056573225735     
         303  0.481399862482801     
         304  0.474833953172065     
         305  0.468357606260949     
         306  0.461969599645971     
         307  0.455668727920708     
         308  0.449453802146510     
         309  0.443323649626392     
         310  0.437277113682547     
         311  0.431313053436277     
         312  0.425430343591693     
         313  0.419627874221776     
         314  0.413904550557917     
         315  0.408259292781990     
         316  0.402691035821749     
         317  0.397198729148481     
         318  0.391781336578134     
         319  0.386437836074541     
         320  0.381167219555932     
         321  0.375968492703683     
         322  0.370840674773998     
         323  0.365782798412047     
         324  0.360793909468873     
         325  0.355873066820462     
         326  0.351019342189581     
         327  0.346231819970092     
         328  0.341509597053635     
         329  0.336851782658568     
         330  0.332257498161364     
         331  0.327725876930481     
         332  0.323256064162322     
         333  0.318847216719518     
         334  0.314498502971276     
         335  0.310209102636362     
         336  0.305978206627708     
         337  0.301805016899573     
         338  0.297688746296589     
         339  0.293628618404884     
         340  0.289623867405380     
         341  0.285673737928905     
         342  0.281777484913570     
         343  0.277934373463815     
         344  0.274143678711610     
         345  0.270404685679386     
         346  0.266716689145079     
         347  0.263078993508668     
         348  0.259490912660894     
         349  0.255951769853624     
         350  0.252460897572054     
         351  0.249017637408413     
         352  0.245621339937880     
         353  0.242271364595715     
         354  0.238967079556365     
         355  0.235707861614111     
         356  0.232493096065342     
         357  0.229322176592650     
         358  0.226194505150041     
         359  0.223109491850459     
         360  0.220066554853745     
         361  0.217065120257460     
         362  0.214104621988219     
         363  0.211184501694751     
         364  0.208304208642705     
         365  0.205463199610524     
         366  0.202660938786887     
         367  0.199896897669808     
         368  0.197170554966588     
         369  0.194481396495558     
         370  0.191828915089080     
         371  0.189212610497669     
         372  0.186631989295783     
         373  0.184086564788513     
         374  0.181575856919877     
         375  0.179099392182130     
         376  0.176656703526466     
         377  0.174247330274783     
         378  0.171870818032958     
         379  0.169526718604917     
         380  0.167214589908086     
         381  0.164933995890091     
         382  0.162684506446265     
         383  0.160465697338825     
         384  0.158277150116432     
         385  0.156118452035613     
         386  0.153989195982583     
         387  0.151888980396664     
         388  0.149817409194311     
         389  0.147774091694656     
         390  0.145758642545588     
         391  0.143770681650972     
         392  0.141809834099354     
         393  0.139875730092693     
         394  0.137968004877016     
         395  0.136086298673447     
         396  0.134230256610303     
         397  0.132399528656335     
         398  0.130593769554296     
         399  0.128812638756278     
         400  0.127055800359277     
         401  0.125322923041672     
         402  0.123613680001031     
         403  0.121927748892196     
         404  0.120264811766661     
         405  0.118624555012450     
         406  0.117006669295153     
         407  0.115410849499357     
         408  0.113836794671280     
         409  0.112284207961930     
         410  0.110752796570983     
         411  0.109242271691870     
         412  0.107752348456916     
         413  0.106282745883925     
         414  0.104833186823072     
         415  0.103403397904621     
         416  0.101993109487261     
         417  0.100602055607389     
         418  9.922997392899774E-002
         419  9.787660569403005E-002
         420  9.654169567358972E-002
         421  9.522499212005049E-002
         422  9.392624671908945E-002
         423  9.264521454340831E-002
         424  9.138165400620273E-002
         425  9.013532681559888E-002
         426  8.890599792994525E-002
         427  8.769343551298756E-002
         428  8.649741089095800E-002
         429  8.531769850858779E-002
         430  8.415407588710218E-002
         431  8.300632358207030E-002
         432  8.187422514200074E-002
         433  8.075756706768210E-002
         434  7.965613877168727E-002
         435  7.856973253882167E-002
         436  7.749814348692047E-002
         437  7.644116952819596E-002
         438  7.539861133096439E-002
         439  7.437027228243126E-002
         440  7.335595845124335E-002
         441  7.235547855100555E-002
         442  7.136864390437667E-002
         443  7.039526840732999E-002
         444  6.943516849395051E-002
         445  6.848816310220431E-002
         446  6.755407363929489E-002
         447  6.663272394828243E-002
         448  6.572394027486839E-002
         449  6.482755123452288E-002
         450  6.394338778023308E-002
         451  6.307128317052267E-002
         452  6.221107293808961E-002
         453  6.136259485878462E-002
         454  6.052568892099132E-002
         455  5.970019729552879E-002
         456  5.888596430564733E-002
         457  5.808283639802274E-002
         458  5.729066211352245E-002
         459  5.650929205870768E-002
         460  5.573857887775598E-002
         461  5.497837722455005E-002
         462  5.422854373535242E-002
         463  5.348893700168997E-002
         464  5.275941754374580E-002
         465  5.203984778405732E-002
         466  5.133009202150016E-002
         467  5.063001640573175E-002
         468  4.993948891213000E-002
         469  4.925837931645584E-002
         470  4.858655917078598E-002
         471  4.792390177902815E-002
         472  4.727028217290601E-002
         473  4.662557708879828E-002
         474  4.598966494402085E-002
         475  4.536242581429885E-002
         476  4.474374141085494E-002
         477  4.413349505831107E-002
         478  4.353157167252419E-002
         479  4.293785773900156E-002
         480  4.235224129141771E-002
         481  4.177461189050959E-002
         482  4.120486060331321E-002
         483  4.064287998254476E-002
         484  4.008856404636270E-002
         485  3.954180825841933E-002
         486  3.900250950801075E-002
         487  3.847056609086383E-002
         488  3.794587768979747E-002
         489  3.742834535566777E-002
         490  3.691787148911012E-002
         491  3.641435982171125E-002
         492  3.591771539816159E-002
         493  3.542784455803571E-002
         494  3.494465491856345E-002
         495  3.446805535683663E-002
         496  3.399795599265888E-002
         497  3.353426817181021E-002
         498  3.307690444917920E-002
         499  3.262577857226204E-002
         500  3.218080546489503E-002
         501  3.174190121134580E-002
         502  3.130898304032791E-002
         503  3.088196930941667E-002
         504  3.046077948979524E-002
         505  3.004533415077190E-002
         506  2.963555494517581E-002
         507  2.923136459422285E-002
         508  2.883268687333242E-002
         509  2.843944659722804E-002
         510  2.805156960641447E-002
         511  2.766898275250361E-002
         512  2.729161388494548E-002
         513  2.691939183723736E-002
         514  2.655224641337388E-002
         515  2.619010837487459E-002
         516  2.583290942748882E-002
         517  2.548058220847632E-002
         518  2.513306027370160E-002
         519  2.479027808538986E-002
         520  2.445217099959680E-002
         521  2.411867525400987E-002
         522  2.378972795592016E-002
         523  2.346526707036393E-002
         524  2.314523140859177E-002
         525  2.282956061633240E-002
         526  2.251819516236656E-002
         527  2.221107632750266E-002
         528  2.190814619344854E-002
         529  2.160934763170011E-002
         530  2.131462429299465E-002
         531  2.102392059664789E-002
         532  2.073718171995664E-002
         533  2.045435358788852E-002
         534  2.017538286303254E-002
         535  1.990021693535449E-002
         536  1.962880391238632E-002
         537  1.936109260939134E-002
         538  1.909703253972561E-002
         539  1.883657390532238E-002
         540  1.857966758727472E-002
         541  1.832626513662032E-002
         542  1.807631876519532E-002
         543  1.782978133662468E-002
         544  1.758660635725436E-002
         545  1.734674796772261E-002
         546  1.711016093404523E-002
         547  1.687680063920670E-002
         548  1.664662307466247E-002
         549  1.641958483219305E-002
         550  1.619564309540308E-002
         551  1.597475563209985E-002
         552  1.575688078595099E-002
         553  1.554197746872066E-002
         554  1.533000515273393E-002
         555  1.512092386288288E-002
         556  1.491469416932525E-002
         557  1.471127718000616E-002
         558  1.451063453340234E-002
         559  1.431272839087847E-002
         560  1.411752143030198E-002
         561  1.392497683828964E-002
         562  1.373505830355057E-002
         563  1.354773001008103E-002
         564  1.336295663040594E-002
         565  1.318070331883438E-002
         566  1.300093570487892E-002
         567  1.282361988693807E-002
         568  1.264872242559671E-002
         569  1.247621033776833E-002
         570  1.230605108990224E-002
         571  1.213821259241599E-002
         572  1.197266319336603E-002
         573  1.180937167223096E-002
         574  1.164830723473285E-002
         575  1.148943950623631E-002
         576  1.133273852645472E-002
         577  1.117817474383782E-002
         578  1.102571900973996E-002
         579  1.087534257319193E-002
         580  1.072701707522307E-002
         581  1.058071454370411E-002
         582  1.043640738809146E-002
         583  1.029406839399041E-002
         584  1.015367071827103E-002
         585  1.001518788379696E-002
         586  9.878593774734282E-003
         587  9.743862631299796E-003
         588  9.610969045039511E-003
         589  9.479887954065208E-003
         590  9.350594638377896E-003
         591  9.223064714951809E-003
         592  9.097274133488528E-003
         593  8.973199171603788E-003
         594  8.850816430517480E-003
         595  8.730102830509900E-003
         596  8.611035606624157E-003
         597  8.493592304505124E-003
         598  8.377750775936110E-003
         599  8.263489174847830E-003
         600  8.150785953101009E-003
         601  8.039619856375052E-003
         602  7.929969920329127E-003
         603  7.821815466506010E-003
         604  7.715136098441738E-003
         605  7.609911697922134E-003
         606  7.506122421089306E-003
         607  7.403748694719478E-003
         608  7.302771212511563E-003
         609  7.203170931629421E-003
         610  7.104929068697252E-003
         611  7.008027096736286E-003
         612  6.912446741381445E-003
         613  6.818169977466926E-003
         614  6.725179025743086E-003
         615  6.633456349475125E-003
         616  6.542984650866099E-003
         617  6.453746868317289E-003
         618  6.365726172834041E-003
         619  6.278905964946804E-003
         620  6.193269871457158E-003
         621  6.108801742726030E-003
         622  6.025485649133466E-003
         623  5.943305878544178E-003
         624  5.862246932837809E-003
         625  5.782293525497278E-003
         626  5.703430578462565E-003
         627  5.625643219235296E-003
         628  5.548916778170931E-003
         629  5.473236785771454E-003
         630  5.398588969852125E-003
         631  5.324959252803255E-003
         632  5.252333749112714E-003
         633  5.180698762679029E-003
         634  5.110040784082309E-003
         635  5.040346488227709E-003
         636  4.971602731720842E-003
         637  4.903796550450062E-003
         638  4.836915157082650E-003
         639  4.770945938801965E-003
         640  4.705876454663027E-003
         641  4.641694433457424E-003
         642  4.578387771361034E-003
         643  4.515944529640145E-003
         644  4.454352932331040E-003
         645  4.393601364138827E-003
         646  4.333678368180313E-003
         647  4.274572643734861E-003
         648  4.216273044369570E-003
         649  4.158768575538124E-003
         650  4.102048392731469E-003
         651  4.046101799265914E-003
         652  3.990918244404354E-003
         653  3.936487321318863E-003
         654  3.882798765071194E-003
         655  3.829842450760595E-003
         656  3.777608391565296E-003
         657  3.726086736828102E-003
         658  3.675267770338622E-003
         659  3.625141908312771E-003
         660  3.575699697682969E-003
         661  3.526931814387679E-003
         662  3.478829061428892E-003
         663  3.431382367336380E-003
         664  3.384582784304382E-003
         665  3.338421486609927E-003
         666  3.292889768876289E-003
         667  3.247979044393126E-003
         668  3.203680843610932E-003
         669  3.159986812576412E-003
         670  3.116888711228588E-003
         671  3.074378411740214E-003
         672  3.032447897375834E-003
         673  2.991089260528379E-003
         674  2.950294701597925E-003
         675  2.910056527294980E-003
         676  2.870367149241909E-003
         677  2.831219082587058E-003
         678  2.792604944533247E-003
         679  2.754517452959723E-003
         680  2.716949425121240E-003
         681  2.679893776242975E-003
         682  2.643343518115876E-003
         683  2.607291757864005E-003
         684  2.571731696636145E-003
         685  2.536656628313830E-003
         686  2.502059938158455E-003
         687  2.467935101842053E-003
         688  2.434275683736400E-003
         689  2.401075336241787E-003
         690  2.368327798247929E-003
         691  2.336026893950127E-003
         692  2.304166531922849E-003
         693  2.272740703696194E-003
         694  2.241743482765998E-003
         695  2.211169023543236E-003
         696  2.181011560105015E-003
         697  2.151265405164707E-003
         698  2.121924949013615E-003
         699  2.092984658408834E-003
         700  2.064439075723831E-003
         701  2.036282817486870E-003
         702  2.008510573964437E-003
         703  1.981117107641497E-003
         704  1.954097252472281E-003
         705  1.927445912904585E-003
         706  1.901158062901753E-003
         707  1.875228744946514E-003
         708  1.849653069003782E-003
         709  1.824426211981089E-003
         710  1.799543416414515E-003
         711  1.774999989738527E-003
         712  1.750791303427660E-003
         713  1.726912792045149E-003
         714  1.703359952414454E-003
         715  1.680128342803427E-003
         716  1.657213582136011E-003
         717  1.634611348873591E-003
         718  1.612317380621425E-003
         719  1.590327473028452E-003
         720  1.568637479137949E-003
         721  1.547243308509721E-003
         722  1.526140926477682E-003
         723  1.505326353392719E-003
         724  1.484795663971555E-003
         725  1.464544986410465E-003
         726  1.444570501692541E-003
         727  1.424868442922014E-003
         728  1.405435094533419E-003
         729  1.386266791715121E-003
         730  1.367359919484987E-003
         731  1.348710912389958E-003
         732  1.330316253494834E-003
         733  1.312172473736578E-003
         734  1.294276151483961E-003
         735  1.276623911718386E-003
         736  1.259212425527984E-003
         737  1.242038409329668E-003
         738  1.225098624278012E-003
         739  1.208389875844346E-003
         740  1.191909012953449E-003
         741  1.175652927567689E-003
         742  1.159618554001957E-003
         743  1.143802868374871E-003
         744  1.128202888059190E-003
         745  1.112815671159270E-003
         746  1.097638315848734E-003
         747  1.082667959896616E-003
         748  1.067901780101660E-003
         749  1.053336991686415E-003
         750  1.038970848050699E-003
         751  1.024800639877671E-003
         752  1.010823694886920E-003
         753  9.970373772176661E-004
         754  9.834390868882908E-004
         755  9.700262595825626E-004
         756  9.567963657203943E-004
         757  9.437469103865392E-004
         758  9.308754326144558E-004
         759  9.181795049970493E-004
         760  9.056567333444038E-004
         761  8.933047559472607E-004
         762  8.811212434041843E-004
         763  8.691038981044757E-004
         764  8.572504537422559E-004
         765  8.455586748567639E-004
         766  8.340263566248701E-004
         767  8.226513242197836E-004
         768  8.114314323771354E-004
         769  8.003645652902847E-004
         770  7.894486358044767E-004
         771  7.786815853565027E-004
         772  7.680613835128192E-004
         773  7.575860273420221E-004
         774  7.472535413204917E-004
         775  7.370619770144526E-004
         776  7.270094123384280E-004
         777  7.170939515539904E-004
         778  7.073137247299022E-004
         779  6.976668874331543E-004
         780  6.881516204098048E-004
         781  6.787661292521757E-004
         782  6.695086439448134E-004
         783  6.603774187007583E-004
         784  6.513707314599604E-004
         785  6.424868836747005E-004
         786  6.337241999762738E-004
         787  6.250810278785879E-004
         788  6.165557374057523E-004
         789  6.081467207836866E-004
         790  5.998523921231930E-004
         791  5.916711873709263E-004
         792  5.836015635580089E-004
         793  5.756419989238065E-004
         794  5.677909923417213E-004
         795  5.600470632535215E-004
         796  5.524087512634168E-004
         797  5.448746159222306E-004
         798  5.374432363700193E-004
         799  5.301132111534129E-004
         800  5.228831579014576E-004
         801  5.157517131288980E-004
         802  5.087175319942600E-004
         803  5.017792879507404E-004
         804  4.949356724757992E-004
         805  4.881853949593729E-004
         806  4.815271824809425E-004
         807  4.749597793548554E-004
         808  4.684819470190810E-004
         809  4.620924639000823E-004
         810  4.557901249869212E-004
         811  4.495737417737067E-004
         812  4.434421418929718E-004
         813  4.373941690389849E-004
         814  4.314286826639785E-004
         815  4.255445577975581E-004
         816  4.197406846488949E-004
         817  4.140159687915923E-004
         818  4.083693306527747E-004
         819  4.027997052516441E-004
         820  3.973060422395175E-004
         821  3.918873057199013E-004
         822  3.865424736032852E-004
         823  3.812705381296549E-004
         824  3.760705049201118E-004
         825  3.709413934152583E-004
         826  3.658822362889724E-004
         827  3.608920794825610E-004
         828  3.559699819171980E-004
         829  3.511150153241716E-004
         830  3.463262641752451E-004
         831  3.416028253432624E-004
         832  3.369438079886822E-004
         833  3.323483336345745E-004
         834  3.278155355495166E-004
         835  3.233445589532064E-004
         836  3.189345605767863E-004
         837  3.145847088596165E-004
         838  3.102941834721706E-004
         839  3.060621752937059E-004
         840  3.018878861459628E-004
         841  2.977705288638444E-004
         842  2.937093269177876E-004
         843  2.897035145513482E-004
         844  2.857523361966818E-004
         845  2.818550467793279E-004
         846  2.780109113233731E-004
         847  2.742192048415248E-004
         848  2.704792123253003E-004
         849  2.667902284232415E-004
         850  2.631515574375159E-004
         851  2.595625131596169E-004
         852  2.560224188189464E-004
         853  2.525306066996913E-004
         854  2.490864183763153E-004
         855  2.456892042718983E-004
         856  2.423383237762644E-004
         857  2.390331448915289E-004
         858  2.357730443739992E-004
         859  2.325574073411413E-004
         860  2.293856274129952E-004
         861  2.262571064343827E-004
         862  2.231712544295134E-004
         863  2.201274894063909E-004
         864  2.171252373673049E-004
         865  2.141639321299460E-004
         866  2.112430152373806E-004
         867  2.083619358248245E-004
         868  2.055201506129534E-004
         869  2.027171236658049E-004
         870  1.999523262995045E-004
         871  1.972252371655742E-004
         872  1.945353420123447E-004
         873  1.918821334823406E-004
         874  1.892651113070132E-004
         875  1.866837818663286E-004
         876  1.841376584079402E-004
         877  1.816262607426816E-004
         878  1.791491153000230E-004
         879  1.767057548825723E-004
         880  1.742957186798566E-004
         881  1.719185522371519E-004
         882  1.695738072835518E-004
         883  1.672610415883041E-004
         884  1.649798189998081E-004
         885  1.627297092934160E-004
         886  1.605102881626214E-004
         887  1.583211370436016E-004
         888  1.561618430629547E-004
         889  1.540319990727540E-004
         890  1.519312033850251E-004
         891  1.498590597746596E-004
         892  1.478151775020919E-004
         893  1.457991711913270E-004
         894  1.438106605329281E-004
         895  1.418492705668323E-004
         896  1.399146313964678E-004
         897  1.380063781647872E-004
         898  1.361241510506178E-004
         899  1.342675950803535E-004
         900  1.324363600549161E-004
         901  1.306301007494431E-004
         902  1.288484764512127E-004
         903  1.270911511447037E-004
         904  1.253577935169947E-004
         905  1.236480766241138E-004
         906  1.219616779864902E-004
         907  1.202982796937313E-004
         908  1.186575679128915E-004
         909  1.170392333461334E-004
         910  1.154429707563853E-004
         911  1.138684791081590E-004
         912  1.123154614823957E-004
         913  1.107836249947952E-004
         914  1.092726807235406E-004
         915  1.077823437760222E-004
         916  1.063123331091625E-004
         917  1.048623714360736E-004
         918  1.034321853730785E-004
         919  1.020215051898699E-004
         920  1.006300648254271E-004
         921  9.925760189115340E-005
         922  9.790385759135545E-005
         923  9.656857658724149E-005
         924  9.525150704763063E-005
         925  9.395240065361576E-005
         926  9.267101238345787E-005
         927  9.140710054418577E-005
         928  9.016042684147074E-005
         929  8.893075612982637E-005
         930  8.771785650787955E-005
         931  8.652149926437203E-005
         932  8.534145880634281E-005
         933  8.417751256120654E-005
         934  8.302944100818666E-005
         935  8.189702761615680E-005
         936  8.078005894035512E-005
         937  7.967832421845733E-005
         938  7.859161571023565E-005
         939  7.751972854383449E-005
         940  7.646246050520278E-005
         941  7.541961218644755E-005
         942  7.439098698734659E-005
         943  7.337639086250902E-005
         944  7.237563249004597E-005
         945  7.138852326560308E-005
         946  7.041487683766279E-005
         947  6.945450967534017E-005
         948  6.850724067641867E-005
         949  6.757289123326959E-005
         950  6.665128506749829E-005
         951  6.574224843838850E-005
         952  6.484560983703591E-005
         953  6.396120022467144E-005
         954  6.308885284213306E-005
         955  6.222840309896838E-005
         956  6.137968881349265E-005
         957  6.054254981532892E-005
         958  5.971682837127568E-005
         959  5.890236869147969E-005
         960  5.809901715379817E-005
         961  5.730662228169148E-005
         962  5.652503462853786E-005
         963  5.575410685762505E-005
         964  5.499369347000682E-005
         965  5.424365119713337E-005
         966  5.350383848878870E-005
         967  5.277411585354053E-005
         968  5.205434571306511E-005
         969  5.134439227255649E-005
         970  5.064412169868138E-005
         971  4.995340187760600E-005
         972  4.927210260728676E-005
         973  4.860009538094900E-005
         974  4.793725338089749E-005
         975  4.728345173225790E-005
         976  4.663856705058866E-005
         977  4.600247782235445E-005
         978  4.537506396504187E-005
         979  4.475620724567198E-005
         980  4.414579091797932E-005
         981  4.354369988894546E-005
         982  4.294982055741414E-005
         983  4.236404098602320E-005
         984  4.178625067066677E-005
         985  4.121634067237590E-005
         986  4.065420350839177E-005
         987  4.009973315578785E-005
         988  3.955282508934232E-005
         989  3.901337609951705E-005
         990  3.848128448626087E-005
         991  3.795644990702007E-005
         992  3.743877341780277E-005
         993  3.692815735323318E-005
         994  3.642450544423526E-005
         995  3.592772264084110E-005
         996  3.543771533376372E-005
         997  3.495439111246557E-005
         998  3.447765875493058E-005
         999  3.400742842787907E-005
        1000  3.354361143953488E-005
        1001  3.308612030544777E-005
        1002  3.263486876110833E-005
        1003  3.218977169502923E-005
        1004  3.175074512877518E-005
        1005  3.131770631627229E-005
        1006  3.089057363463155E-005
        1007  3.046926650790427E-005
        1008  3.005370541020458E-005
        1009  2.964381205891597E-005
        1010  2.923950907911255E-005
        1011  2.884072030177876E-005
        1012  2.844737046417412E-005
        1013  2.805938537490948E-005
        1014  2.767669198032452E-005
        1015  2.729921795041612E-005
        1016  2.692689220382127E-005
        1017  2.655964451749038E-005
        1018  2.619740553939931E-005
        1019  2.584010714118401E-005
        1020  2.548768170926308E-005
        1021  2.514006297220372E-005
        1022  2.479718529380115E-005
        1023  2.445898398585611E-005
        1024  2.412539532904712E-005
        1025  2.379635636100275E-005
        1026  2.347180506681590E-005
        1027  2.315168024655256E-005
        1028  2.283592150387204E-005
        1029  2.252446929240648E-005
        1030  2.221726491391518E-005
        1031  2.191425035619199E-005
        1032  2.161536855659063E-005
        1033  2.132056311249242E-005
        1034  2.102977840552633E-005
        1035  2.074295965948103E-005
        1036  2.046005272478280E-005
        1037  2.018100425559000E-005
        1038  1.990576164707936E-005
        1039  1.963427300835652E-005
        1040  1.936648715346323E-005
        1041  1.910235353520806E-005
        1042  1.884182226113973E-005
        1043  1.858484437249064E-005
        1044  1.833137134067686E-005
        1045  1.808135535298627E-005
        1046  1.783474920737105E-005
        1047  1.759150648862617E-005
        1048  1.735158126969782E-005
        1049  1.711492828897210E-005
        1050  1.688150298893853E-005
        1051  1.665126127944894E-005
        1052  1.642415975784683E-005
        1053  1.620015563597033E-005
        1054  1.597920666071562E-005
        1055  1.576127111477255E-005
        1056  1.554630787789502E-005
        1057  1.533427653074848E-005
        1058  1.512513697088380E-005
        1059  1.491884981881519E-005
        1060  1.471537617786511E-005
        1061  1.451467760088532E-005
        1062  1.431671629492648E-005
        1063  1.412145495803541E-005
        1064  1.392885670127575E-005
        1065  1.373888528573286E-005
        1066  1.355150480537859E-005
        1067  1.336667994529528E-005
        1068  1.318437581836196E-005
        1069  1.300455816405366E-005
        1070  1.282719288812906E-005
        1071  1.265224671394283E-005
        1072  1.247968655396225E-005
        1073  1.230947988442588E-005
        1074  1.214159465648401E-005
        1075  1.197599913273228E-005
        1076  1.181266211466858E-005
        1077  1.165155280011265E-005
        1078  1.149264079705614E-005
        1079  1.133589612166419E-005
        1080  1.118128931069939E-005
        1081  1.102879108422217E-005
        1082  1.087837273357206E-005
        1083  1.073000593593276E-005
        1084  1.058366264654331E-005
        1085  1.043931528542374E-005
        1086  1.029693662438214E-005
        1087  1.015649979871358E-005
        1088  1.001797840935459E-005
        1089  9.881346257636925E-006
        1090  9.746577565333814E-006
        1091  9.613646935954789E-006
        1092  9.482529298179831E-006
        1093  9.353199985184801E-006
        1094  9.225634517995296E-006
        1095  9.099808866736003E-006
        1096  8.975699356664202E-006
        1097  8.853282552220842E-006
        1098  8.732535313707435E-006
        1099  8.613434888976590E-006
        1100  8.495958880819221E-006
        1101  8.380085043072083E-006
        1102  8.265791641592912E-006
        1103  8.153057000317987E-006
        1104  8.041859933541340E-006
        1105  7.932179446515364E-006
        1106  7.823994836952952E-006
        1107  7.717285773672922E-006
        1108  7.612032055945295E-006
        1109  7.508213853160695E-006
        1110  7.405811629293546E-006
        1111  7.304805981156459E-006
        1112  7.205177936453477E-006
        1113  7.106908713805371E-006
        1114  7.009979734282079E-006
        1115  6.914372745137065E-006
        1116  6.820069726021227E-006
        1117  6.727052857535831E-006
        1118  6.635304666199882E-006
        1119  6.544807717015488E-006
        1120  6.455545050021438E-006
        1121  6.367499852444336E-006
        1122  6.280655463167251E-006
        1123  6.194995504277268E-006
        1124  6.110503837447601E-006
        1125  6.027164537722451E-006
        1126  5.944961820256167E-006
        1127  5.863880326056892E-006
        1128  5.783904647921334E-006
        1129  5.705019698640235E-006
        1130  5.627210698078144E-006
        1131  5.550462882600304E-006
        1132  5.474761804277750E-006
        1133  5.400093176663456E-006
        1134  5.326442933994979E-006
        1135  5.253797198512267E-006
        1136  5.182142252382893E-006
        1137  5.111464589785397E-006
        1138  5.041750867129657E-006
        1139  4.972987957846398E-006
        1140  4.905162890159187E-006
        1141  4.838262826295514E-006
        1142  4.772275267683757E-006
        1143  4.707187633512522E-006
        1144  4.642987755959505E-006
        1145  4.579663464732153E-006
        1146  4.517202817369559E-006
        1147  4.455594051946954E-006
        1148  4.394825531328639E-006
        1149  4.334885823964463E-006
        1150  4.275763658231901E-006
        1151  4.217447808416153E-006
        1152  4.159927318975187E-006
        1153  4.103191335716461E-006
        1154  4.047229162584820E-006
        1155  3.992030239180488E-006
        1156  3.937584166710528E-006
        1157  3.883880650284999E-006
        1158  3.830909553206863E-006
        1159  3.778660927628019E-006
        1160  3.727124934377324E-006
        1161  3.676291824905586E-006
        1162  3.626151969041147E-006
        1163  3.576695988882772E-006
        1164  3.527914514522834E-006
        1165  3.479798348277052E-006
        1166  3.432338460493400E-006
        1167  3.385525826307689E-006
        1168  3.339351670725299E-006
        1169  3.293807282686578E-006
        1170  3.248884036133326E-006
        1171  3.204573480006245E-006
        1172  3.160867270590728E-006
        1173  3.117757175125080E-006
        1174  3.075235034372126E-006
        1175  3.033292847981484E-006
        1176  2.991922663647673E-006
        1177  2.951116762184292E-006
        1178  2.910867373792647E-006
        1179  2.871166950191295E-006
        1180  2.832007935327230E-006
        1181  2.793383080415546E-006
        1182  2.755284927921653E-006
        1183  2.717706422503130E-006
        1184  2.680640499408415E-006
        1185  2.644080053085252E-006
        1186  2.608018239272369E-006
        1187  2.572448250276471E-006
        1188  2.537363415419658E-006
        1189  2.502757096053965E-006
        1190  2.468622736451209E-006
        1191  2.434953969066012E-006
        1192  2.401744337937606E-006
        1193  2.368987693207592E-006
        1194  2.336677768291495E-006
        1195  2.304808541284120E-006
        1196  2.273373967798253E-006
        1197  2.242368112539972E-006
        1198  2.211785101791097E-006
        1199  2.181619248309286E-006
        1200  2.151864816571369E-006
        1201  2.122516186253698E-006
        1202  2.093567821215281E-006
        1203  2.065014270150045E-006
        1204  2.036850186848405E-006
        1205  2.009070177305672E-006
        1206  1.981669113332307E-006
        1207  1.954641714388416E-006
        1208  1.927982950733487E-006
        1209  1.901687767161264E-006
        1210  1.875751217420007E-006
        1211  1.850168443784383E-006
        1212  1.824934554764401E-006
        1213  1.800044833535908E-006
        1214  1.775494568603819E-006
        1215  1.751279115974613E-006
        1216  1.727393942774214E-006
        1217  1.703834565783269E-006
        1218  1.680596456665739E-006
        1219  1.657675318122998E-006
        1220  1.635066828917231E-006
        1221  1.612766635128438E-006
        1222  1.590770592224677E-006
        1223  1.569074547333460E-006
        1224  1.547674436705448E-006
        1225  1.526566146201058E-006
        1226  1.505745765587041E-006
        1227  1.485209377136143E-006
        1228  1.464953063093355E-006
        1229  1.444972994146809E-006
        1230  1.425265432369871E-006
        1231  1.405826681344369E-006
        1232  1.386653054213927E-006
        1233  1.367740901023207E-006
        1234  1.349086735713545E-006
        1235  1.330686905137712E-006
        1236  1.312538081180148E-006
        1237  1.294636788662373E-006
        1238  1.276979609082796E-006
        1239  1.259563292374533E-006
        1240  1.242384483721160E-006
        1241  1.225439973981390E-006
        1242  1.208726582199726E-006
        1243  1.192241138134320E-006
        1244  1.175980511108898E-006
        1245  1.159941661568742E-006
        1246  1.144121551735489E-006
        1247  1.128517235243764E-006
        1248  1.113125753779420E-006
        1249  1.097944149888730E-006
        1250  1.082969637786202E-006
        1251  1.068199334652853E-006
        1252  1.053630497516167E-006
        1253  1.039260328947189E-006
        1254  1.025086172320999E-006
        1255  1.011105358897368E-006
        1256  9.973151530312530E-007
        1257  9.837130828943552E-007
        1258  9.702964964275473E-007
        1259  9.570629588839807E-007
        1260  9.440098789753604E-007
        1261  9.311347935192504E-007
        1262  9.184353277069679E-007
        1263  9.059090571583717E-007
        1264  8.935536521398335E-007
        1265  8.813667712326279E-007
        1266  8.693460418623955E-007
        1267  8.574892869511741E-007
        1268  8.457942756306958E-007
        1269  8.342587554388547E-007
        1270  8.228805502691339E-007
        1271  8.116574965466583E-007
        1272  8.005875369587745E-007
        1273  7.896685978725504E-007
        1274  7.788985308676555E-007
        1275  7.682753564164368E-007
        1276  7.577971113947868E-007
        1277  7.474617435554443E-007
        1278  7.372673578170952E-007
        1279  7.272119747075978E-007
        1280  7.172937550037339E-007
        1281  7.075107709975104E-007
        1282  6.978612493296898E-007
        1283  6.883433571330810E-007
        1284  6.789552687014311E-007
        1285  6.696951769524784E-007
        1286  6.605614245730473E-007
        1287  6.515522146671726E-007
        1288  6.426658913788463E-007
        1289  6.339007837807831E-007
        1290  6.252551773416881E-007
        1291  6.167275164448149E-007
        1292  6.083161580155982E-007
        1293  6.000195168914813E-007
        1294  5.918360574536097E-007
        1295  5.837641883221778E-007
        1296  5.758024194252309E-007
        1297  5.679491677929027E-007
        1298  5.602031231677351E-007
        1299  5.525626978059028E-007
        1300  5.450264330825183E-007
        1301  5.375929951340064E-007
        1302  5.302609208807096E-007
        1303  5.230288619983980E-007
        1304  5.158954241024638E-007
        1305  5.088592841401285E-007
        1306  5.019190908450710E-007
        1307  4.950735817410568E-007
        1308  4.883214400064340E-007
        1309  4.816613886071686E-007
        1310  4.750921005075570E-007
        1311  4.686124723818352E-007
        1312  4.622211660504361E-007
        1313  4.559171377371829E-007
        1314  4.496990210628438E-007
        1315  4.435656990459114E-007
        1316  4.375160309461057E-007
        1317  4.315488689593527E-007
        1318  4.256631514765186E-007
        1319  4.198576586816882E-007
        1320  4.141313332817198E-007
        1321  4.084831391193422E-007
        1322  4.029119459736386E-007
        1323  3.974167464282363E-007
        1324  3.919965027576744E-007
        1325  3.866501740307227E-007
        1326  3.813767138066693E-007
        1327  3.761752807307506E-007
        1328  3.710447460947286E-007
        1329  3.659841971564992E-007
        1330  3.609926080561099E-007
        1331  3.560691617526812E-007
        1332  3.512128425864347E-007
        1333  3.464227804755859E-007
        1334  3.416980195042330E-007
        1335  3.370376865652336E-007
        1336  3.324409593302713E-007
        1337  3.279068714751032E-007
        1338  3.234346581948433E-007
        1339  3.190234225819433E-007
        1340  3.146723670799378E-007
        1341  3.103806402726672E-007
        1342  3.061474453808222E-007
        1343  3.019720004049375E-007
        1344  2.978534667380517E-007
        1345  2.937911796896397E-007
        1346  2.897842416305085E-007
        1347  2.858319481102711E-007
        1348  2.819335948450741E-007
        1349  2.780883469194473E-007
        1350  2.742956070889147E-007
        1351  2.705545603803872E-007
        1352  2.668645401188163E-007
        1353  2.632248811140769E-007
        1354  2.596348426392447E-007
        1355  2.560937582551936E-007
        1356  2.526009792863659E-007
        1357  2.491558356160217E-007
        1358  2.457576377540294E-007
        1359  2.424058612865432E-007
        1360  2.390997577012000E-007
        1361  2.358387368311954E-007
        1362  2.326222237891695E-007
        1363  2.294495601712354E-007
        1364  2.263201549779215E-007
        1365  2.232334550406057E-007
        1366  2.201888093800175E-007
        1367  2.171857232668994E-007
        1368  2.142236003588316E-007
        1369  2.113018809785094E-007
        1370  2.084199747093285E-007
        1371  2.055774295517399E-007
        1372  2.027735836601652E-007
        1373  2.000080425584860E-007
        1374  1.972802075866920E-007
        1375  1.945895844596146E-007
        1376  1.919356347884760E-007
        1377  1.893178465800505E-007
        1378  1.867357893869936E-007
        1379  1.841889826492693E-007
        1380  1.816768614992803E-007
        1381  1.791990309057967E-007
        1382  1.767549989428741E-007
        1383  1.743442610002699E-007
        1384  1.719664607796600E-007
        1385  1.696210297358336E-007
        1386  1.673076335251267E-007
        1387  1.650257785423825E-007
        1388  1.627750368382586E-007
        1389  1.605550006278378E-007
        1390  1.583652338293939E-007
        1391  1.562053866116520E-007
        1392  1.540749200446001E-007
        1393  1.519735671473565E-007
        1394  1.499008240590793E-007
        1395  1.478563546319922E-007
        1396  1.458397882458939E-007
        1397  1.438507379880605E-007
        1398  1.418887793647183E-007
        1399  1.399536002921753E-007
        1400  1.380448183402327E-007
        1401  1.361620884376968E-007
        1402  1.343050091556774E-007
        1403  1.324732380320048E-007
        1404  1.306665031175491E-007
        1405  1.288843651803262E-007
        1406  1.271265595848003E-007
        1407  1.253927182642833E-007
        1408  1.236825564465693E-007
        1409  1.219956620585050E-007
        1410  1.203317965409179E-007
        1411  1.186906312400371E-007
        1412  1.170718439830187E-007
        1413  1.154751301107870E-007
        1414  1.139001857275446E-007
        1415  1.123467655989030E-007
        1416  1.108145045031206E-007
        1417  1.093031144622225E-007
        1418  1.078123744030490E-007
        1419  1.063419665936483E-007
        1420  1.048916186269233E-007
        1421  1.034609928007857E-007
        1422  1.020499380277595E-007
        1423  1.006580961915304E-007
        1424  9.928523980740067E-008
        1425  9.793113497913453E-008
        1426  9.659549139728885E-008
        1427  9.527802755093795E-008
        1428  9.397858011239713E-008
        1429  9.269682300916404E-008
        1430  9.143257055643783E-008
        1431  9.018553795425710E-008
        1432  8.895553230137132E-008
        1433  8.774228456298605E-008
        1434  8.654560312848503E-008
        1435  8.536523078694902E-008
        1436  8.420097336037102E-008
        1437  8.305259374674634E-008
        1438  8.191986052008549E-008
        1439  8.080256351516990E-008
        1440  7.970051656147614E-008
        1441  7.861348584603522E-008
        1442  7.754133876658464E-008
        1443  7.648378855251714E-008
        1444  7.544062415043573E-008
        1445  7.441173158206915E-008
        1446  7.339683169571565E-008
        1447  7.239577616557913E-008
        1448  7.140838742536459E-008
        1449  7.043450354904390E-008
        1450  6.947387570788166E-008
        1451  6.852631818932142E-008
        1452  6.759173423742659E-008
        1453  6.666984540826260E-008
        1454  6.576055598672692E-008
        1455  6.486368482605531E-008
        1456  6.397901358701219E-008
        1457  6.310646592788682E-008
        1458  6.224575076207994E-008
        1459  6.139679484262750E-008
        1460  6.055944767879851E-008
        1461  5.973347469434565E-008
        1462  5.891876986297007E-008
        1463  5.811520804865911E-008
        1464  5.732258159807380E-008
        1465  5.654076934424879E-008
        1466  5.576962577857891E-008
        1467  5.500900659982655E-008
        1468  5.425875505837841E-008
        1469  5.351873498538051E-008
        1470  5.278878471848270E-008
        1471  5.206884573505377E-008
        1472  5.135868345884642E-008
        1473  5.065822708538725E-008
        1474  4.996735125661900E-008
        1475  4.928583048624535E-008
        1476  4.861364430452930E-008
        1477  4.795063690554713E-008
        1478  4.729662832214654E-008
        1479  4.665153520433396E-008
        1480  4.601528433290092E-008
        1481  4.538772289952586E-008
        1482  4.476866791169876E-008
        1483  4.415808910196439E-008
        1484  4.355584842796745E-008
        1485  4.296177472107310E-008
        1486  4.237582801325246E-008
        1487  4.179792699454676E-008
        1488  4.122782774895750E-008
        1489  4.066554659676314E-008
        1490  4.011090315447774E-008
        1491  3.956383266834340E-008
        1492  3.902423729995608E-008
        1493  3.849198858263403E-008
        1494  3.796703142155966E-008
        1495  3.744920895609738E-008
        1496  3.693841849061741E-008
        1497  3.643463805658165E-008
        1498  3.593773247045906E-008
        1499  3.544760016072068E-008
        1500  3.496414396897407E-008
        1501  3.448727445287680E-008
        1502  3.401689011028886E-008
        1503  3.355294889151317E-008
        1504  3.309534210571563E-008
        1505  3.264397092916926E-008
        1506  3.219873193072154E-008
        1507  3.175954496614786E-008
        1508  3.132641573921902E-008
        1509  3.089915838472290E-008
        1510  3.047775158637744E-008
        1511  3.006208212918970E-008
        1512  2.965208854843748E-008
        1513  2.924766402678802E-008
        1514  2.884873430419876E-008
        1515  2.845530647221928E-008
        1516  2.806721535741907E-008
        1517  2.768440787725979E-008
        1518  2.730681127049994E-008
        1519  2.693438565237738E-008
        1520  2.656704792269871E-008
        1521  2.620469542746751E-008
        1522  2.584729441590383E-008
        1523  2.549481618874250E-008
        1524  2.514705507716819E-008
        1525  2.480408986538229E-008
        1526  2.446579967785301E-008
        1527  2.413213628926769E-008
        1528  2.380298119719626E-008
        1529  2.347836100535794E-008
        1530  2.315815139652955E-008
        1531  2.284226946480672E-008
        1532  2.253077614755572E-008
        1533  2.222347236791045E-008
        1534  2.192035923609392E-008
        1535  2.162139707551081E-008
        1536  2.132648153907457E-008
        1537  2.103564274158476E-008
        1538  2.074875889157557E-008
        1539  2.046576030867442E-008
        1540  2.018664450875729E-008
        1541  1.991132117518113E-008
        1542  1.963974850804906E-008
        1543  1.937189263168104E-008
        1544  1.910765877466414E-008
        1545  1.884707270805031E-008
        1546  1.859001537429794E-008
        1547  1.833648446969427E-008
        1548  1.808639822631353E-008
        1549  1.783970075830421E-008
        1550  1.759642856424826E-008
        1551  1.735639780509057E-008
        1552  1.711969689621728E-008
        1553  1.688620904216620E-008
        1554  1.665588707233656E-008
        1555  1.642873258267397E-008
        1556  1.620465915619373E-008
        1557  1.598365215182973E-008
        1558  1.576565539229691E-008
        1559  1.555064503555581E-008
        1560  1.533855360780212E-008
        1561  1.512932742975259E-008
        1562  1.492298692951088E-008
        1563  1.471947846942712E-008
        1564  1.451872549962374E-008
        1565  1.432073117035859E-008
        1566  1.412537851963602E-008
        1567  1.393276573280477E-008
        1568  1.374270221232710E-008
        1569  1.355526339785751E-008
        1570  1.337038690873982E-008
        1571  1.318805850636373E-008
        1572  1.300815875848738E-008
        1573  1.283079183178604E-008
        1574  1.265575512443551E-008
        1575  1.248316244817360E-008
        1576  1.231289491199217E-008
        1577  1.214496189727576E-008
        1578  1.197935738106448E-008
        1579  1.181596373522886E-008
        1580  1.165481748610642E-008
        1581  1.149586414950221E-008
        1582  1.133907771844189E-008
        1583  1.118441053660213E-008
        1584  1.103186836326486E-008
        1585  1.088140945404437E-008
        1586  1.073298777631848E-008
        1587  1.058661987241027E-008
        1588  1.044222139312545E-008
        1589  1.029981015754355E-008
        1590  1.015932882264536E-008
        1591  1.002075876443964E-008
        1592  9.884088991718443E-009
